4294967278,400
4294967278,238
4294967278,0
4294967279,41
4294967279,40
4294967279,37
4294967279,36
4294967279,35
4294967279,34
4294967279,33
4294967279,31
4294967279,29
4294967279,26
4294967279,25
4294967279,23
4294967279,20
4294967279,17
4294967279,16
4294967279,14
4294967279,12
4294967279,11
4294967279,9
4294967278,357
4294967278,236
4294967278,234
253,4
253,3
253,2
253,1
4294967278,232
4294967294,1415
4294967278,230
4294967278,228
252,4
4294967278,226
252,3
252,2
252,1
4294967278,225
4294967294,1015
4294967294,186
4294967294,146
4294967278,224
4294967278,222
4294967278,220
251,4
251,3
251,2
251,1
4294967278,218
4294967294,474
4294967278,216
4294967294,386
4294967278,214
250,4
4294967278,213
250,3
250,2
250,1
4294967278,390
4294967278,212
4294967278,211
4294967278,210
249,4
249,3
249,2
249,1
4294967278,209
4294967278,208
4294967278,207
248,4
4294967278,206
248,3
248,2
248,1
4294967278,384
4294967278,205
4294967278,204
4294967294,89
4294967278,203
247,4
247,3
247,2
247,1
4294967279,512
4294967278,202
4294967278,201
4294967279,201
4294967278,200
4294967279,200
246,4
4294967278,199
246,3
246,2
246,1
4294967294,150
4294967278,198
4294967279,198
4294967294,76
4294967294,42
4294967294,45
4294967294,44
4294967294,436
4294967294,52
4294967294,51
4294967294,408
4294967294,412
4294967294,148
4294967294,177
4294967294,402
4294967294,1014
4294967294,415
4294967294,414
4294967294,191
4294967294,109
4294967294,118
4294967294,108
4294967294,401
4294967294,180
4294967278,195
4294967294,82
4294967294,85
4294967294,84
4294967294,83
4294967279,197
4294967278,369
4294967278,327
245,6
4294967294,473
4294967294,88
4294967294,87
4294967294,92
4294967294,91
4294967278,194
4294967278,351
4294967279,317
4294967279,333
4294967279,541
4294967279,0
4294967278,193
245,5
4294967278,191
245,4
4294967278,190
245,3
245,2
245,1
4294967278,367
4294967278,189
4294967278,186
4294967279,315
4294967278,388
4294967278,324
4294967279,187
244,5
4294967278,185
4294967278,184
244,4
244,3
244,2
244,1
4294967278,183
4294967294,426
4294967278,182
4294967294,416
4294967278,323
4294967294,5
4294967294,1414
4294967278,322
4294967279,312
4294967279,178
4294967278,177
243,5
243,4
243,3
243,2
243,1
4294967294,423
4294967294,393
4294967294,388
4294967294,120
4294967294,435
4294967294,128
4294967294,185
242,5
4294967279,167
242,4
242,3
242,2
242,1
4294967294,1
4294967279,161
4294967279,308
4294967294,387
4294967294,129
4294967294,107
4294967294,94
4294967294,96
240,4
240,3
240,2
240,1
4294967294,9
4294967294,8
0,7
4294967294,1418
4294967294,53
4294967294,472
4294967294,2
4294967294,0
4294967294,149
4294967294,29
4294967294,418
4294967294,28
4294967294,27
4294967294,90
4294967294,86
4294967294,170
4294967294,163
4294967294,1413
4294967294,69
4294967279,148
4294967294,46
4294967279,145
4294967279,562
4294967279,139
4294967279,138
4294967279,320
4294967279,279
4294967294,470
4294967278,399
4294967278,346
4294967279,265
4294967279,262
4294967279,259
4294967279,258
4294967294,30
4294967294,61
4294967279,257
4294967294,93
4294967294,95
4294967294,50
4294967294,12
4294967294,11
4294967294,81
4294967294,68
4294967279,274
4294967279,255
4294967279,281
4294967279,253
4294967278,258
4294967278,338
4294967278,376
4294967294,204
4294967294,7
4294967294,471
4294967278,335
4294967278,132
4294967278,131
4294967278,130
4294967278,129
4294967278,128
4294967278,127
4294967278,124
4294967278,122
4294967278,121
4294967278,119
4294967278,117
4294967278,116
4294967278,115
4294967278,114
4294967278,113
4294967278,112
4294967278,233
4294967278,111
4294967278,110
4294967278,109
4294967278,108
4294967278,107
4294967278,106
4294967278,105
4294967278,219
4294967278,104
4294967278,103
4294967278,102
4294967278,101
4294967278,100
4294967278,99
4294967278,98
4294967278,331
4294967278,97
4294967278,96
4294967278,95
4294967278,94
4294967278,93
4294967278,92
4294967278,91
4294967278,395
4294967278,90
4294967278,89
4294967278,328
4294967278,87
4294967278,352
4294967278,86
4294967278,371
4294967278,85
4294967278,84
4294967278,83
4294967278,82
4294967278,81
4294967278,350
4294967278,80
4294967278,79
4294967278,349
4294967278,78
4294967278,326
4294967278,77
4294967278,76
4294967278,75
4294967278,74
4294967278,73
4294967278,348
4294967278,72
4294967278,385
4294967278,71
4294967278,70
4294967278,398
4294967278,69
4294967278,68
4294967278,67
4294967278,66
4294967278,65
4294967278,64
4294967278,260
4294967279,89
4294967279,83
4294967279,81
4294967279,549
4294967279,79
4294967279,76
4294967279,75
4294967279,548
4294967279,547
4294967279,71
4294967279,70
4294967279,68
4294967279,66
4294967279,545
4294967279,297
4294967279,62
4294967279,61
4294967279,59
4294967279,57
4294967279,56
4294967279,55
4294967279,53
4294967279,52
4294967279,50
4294967279,47
4294967279,291
4294967279,46
4294967279,156
4294967279,306
4294967279,43
4294967279,304
4294967279,42
4294967279,290
4294967279,39
4294967279,302
4294967279,38
4294967279,288
4294967279,564
4294967279,563
4294967279,32
4294967279,30
4294967279,28
4294967279,27
4294967279,24
4294967279,22
4294967279,21
4294967279,19
4294967279,18
4294967279,15
4294967279,13
4294967279,10
4294967279,8
4294967279,7
4294967279,6
4294967279,5
4294967279,4
